1000
861
71
743
877
12
723
532
228
663
471
711
2
499
360
119
327
227
251
467
334
478
722
166
195
430
960
504
754
926
854
732
805
161
619
559
694
179
603
350
455
429
566
825
830
648
788
64
612
314
797
774
871
626
846
990
893
744
812
955
565
192
502
623
110
949
816
729
571
844
231
385
932
999
978
564
128
488
83
513
690
911
426
665
222
615
867
886
406
301
836
443
256
546
486
157
516
144
450
143
548
194
948
5
246
716
705
30
595
168
802
828
413
553
98
330
46
249
127
408
253
219
953
333
469
462
543
35
741
44
136
3
490
852
673
26
889
446
924
95
474
966
650
315
89
288
395
689
116
201
840
592
573
771
23
790
853
280
245
410
476
148
289
375
848
174
121
681
92
657
785
578
215
606
91
20
273
725
874
519
424
720
787
550
617
382
530
957
500
109
520
941
621
31
703
88
302
55
348
472
668
260
697
366
718
399
698
434
551
678
747
583
588
200
834
75
278
505
299
435
631
102
594
438
422
240
895
345
817
268
934
677
165
420
575
376
783
576
96
433
13
555
126
290
740
313
819
452
93
627
358
372
285
287
58
991
312
63
320
338
751
855
216
609
795
65
581
580
11
517
597
146
298
45
693
21
608
584
655
632
752
996
933
250
894
501
142
149
724
318
525
124
982
620
8
509
189
527
884
927
649
404
666
734
842
558
987
554
708
514
130
380
255
582
79
535
217
753
147
99
339
936
481
18
995
415
860
187
888
636
24
457
328
688
203
572
454
891
6
837
799
946
67
736
672
483
234
730
733
198
935
175
684
629
768
409
847
482
685
412
436
757
913
915
236
263
883
779
963
411
0
719
968
416
748
190
511
365
324
865
562
786
706
965
335
281
306
209
342
712
241
721
765
695
570
497
343
997
53
70
432
188
670
378
137
247
353
994
950
118
534
19
951
549
654
613
389
349
41
717
659
470
737
282
675
156
329
114
845
972
51
232
155
153
196
872
804
213
937
975
14
252
61
82
206
567
993
364
541
887
691
458
643
789
714
140
674
909
839
873
169
90
856
878
25
262
739
233
921
945
769
862
814
468
117
809
560
351
160
357
910
929
78
508
728
942
976
254
319
383
701
710
524
815
355
491
292
792
561
746
87
164
158
291
686
305
150
344
494
634
637
129
309
401
226
325
796
272
73
644
829
547
258
692
414
906
473
85
495
998
849
60
36
679
770
275
922
984
916
943
52
905
903
181
777
37
484
625
552
801
707
123
47
528
539
304
492
332
954
32
387
536
204
979
370
354
68
307
667
599
177
587
267
428
208
507
618
756
42
485
242
212
940
163
397
986
537
311
66
125
899
111
386
239
577
880
7
76
244
4
614
367
17
418
806
308
590
557
38
183
521
316
735
947
57
776
568
533
545
870
15
902
180
381
393
466
980
398
286
640
151
803
50
864
300
475
652
869
340
859
402
522
437
656
939
653
210
423
368
185
868
662
133
904
784
265
154
841
962
823
460
394
425
170
363
607
641
821
628
646
660
34
589
835
700
261
969
750
283
115
593
27
223
303
876
758
726
120
611
225
218
235
238
624
683
449
243
9
956
879
702
159
919
920
257
182
374
145
48
938
331
277
284
405
885
391
687
86
479
138
970
296
682
882
97
202
813
761
229
105
958
197
77
983
211
352
798
760
671
661
336
141
122
647
715
639
461
373
419
540
503
896
630
908
791
173
818
907
463
515
39
22
214
392
973
981
600
359
977
658
326
167
362
447
742
989
205
563
556
923
453
221
781
985
337
407
371
964
780
704
773
94
297
967
108
270
775
441
442
266
451
680
531
778
518
178
427
264
616
431
456
890
843
755
811
898
669
510
321
294
396
833
800
850
28
139
831
523
162
384
269
176
101
832
134
824
763
875
512
496
49
72
585
341
81
369
901
388
186
276
199
103
106
664
952
866
440
645
295
10
586
767
62
184
390
638
794
745
379
900
863
542
271
622
917
591
403
544
526
892
709
961
80
361
459
569
69
642
421
596
113
84
598
439
448
1
988
676
465
40
172
738
259
400
602
445
131
347
279
959
918
930
974
230
928
444
808
480
604
713
635
132
610
633
858
464
248
971
931
171
417
601
498
793
881
377
346
851
152
224
857
356
207
759
529
489
651
506
782
820
826
16
29
822
605
762
193
810
731
56
772
112
191
838
944
33
914
912
59
107
310
317
237
43
696
897
322
699
574
579
827
100
764
135
925
274
220
807
54
293
538
992
487
749
477
104
74
766
323
727
493